Accel_X,Accel_Y,Accel_Z,Gyro_X,Gyro_Y,Gyro_Z
-0.03,0.99,0.06,6.69,3.79,-9.17
-0.06,0.91,0.07,5.7,4.22,-9.32
-0.08,0.83,0.11,3.7,4.13,-5.71
-0.09,0.75,0.13,2.27,5.6,-2.41
-0.12,0.66,0.13,2.08,5.53,-1.18
-0.12,0.61,0.15,0.58,5.05,1.3
-0.11,0.55,0.13,0.01,1.87,2.02
-0.07,0.55,0.13,0.71,-2.69,1.86
-0.07,0.55,0.11,-0.33,-7.85,-1.62
-0.06,0.59,0.07,-3.55,-7.35,-6.68
-0.06,0.61,0.05,-7.12,-8.71,-9.19
-0.05,0.71,0.01,-9.21,-6.66,-5.62
-0.04,0.84,0.02,-9.34,-8.55,4.21
-0.01,0.89,0.01,-6.98,3.46,9.31
-0.01,0.99,0.02,-3.73,3.95,13.79
0.05,1.1,0.06,1.17,10.44,9.98
0.09,1.18,0.16,2.05,11.6,6.02
0.14,1.2,0.21,-1.66,11.14,8.37
0.16,1.25,0.23,-4.83,9.15,11.06
0.17,1.32,0.24,-6.82,6.82,14.54
0.14,1.42,0.28,-5.87,6.56,7.31
0.14,1.49,0.32,-4.52,10.87,-6.44
0.14,1.5,0.29,-4.44,6.94,-18.61
0.12,1.39,0.22,-4.89,4.02,-15.42
0.08,1.31,0.17,-2.13,0.3,-8.77
0.04,1.24,0.16,0.82,-1.67,-0.89
0.04,1.13,0.12,3.2,-4.89,5.07
0.01,0.99,0.1,3.98,-3.15,4.27
0.00,0.9,0.09,3.08,-1.59,5.3
0.01,0.76,0.09,1.29,-1.57,5.04
-0.01,0.67,0.09,-1.05,1.11,6.1
-0.01,0.6,0.09,-3.24,5.57,7.56
0.03,0.58,0.09,-5.47,12.1,6.44
0.03,0.59,0.1,-6.67,20.19,5.34
0.04,0.58,0.09,-6.05,27.03,6.97
0.01,0.57,0.08,-3.24,34.43,10.23
-0.01,0.54,0.06,0.56,39.46,14.66
-0.04,0.51,0.08,3.32,39.73,16.44
-0.07,0.53,0.08,5.57,36.05,9.21
-0.11,0.61,0.1,3.66,28.47,-5.5
-0.15,0.75,0.1,-0.15,28.93,-19.36
-0.16,0.94,0.11,-8.02,24.73,-28.07
-0.06,1.19,0.09,-14.47,20.87,-26.34
0.05,1.44,0.09,-16.56,13.16,-17.65
0.10,1.59,0.07,-15.53,7.26,-9.03
0.08,1.67,0.02,-12.51,3.27,-5.44
0.01,1.71,0,-9.77,-0.67,-8.42
0.03,1.67,-0.04,-1.88,0.5,-8.63
0.08,1.51,-0.02,8.04,1.95,2.17
0.10,1.37,-0.01,11.44,0.69,15.6
0.13,1.28,0,9.55,0.23,25.4
0.11,1.2,0,5.64,2.16,24.42
0.08,1.13,0.02,3,2.74,15.94
0.04,1.05,0,1.93,5.87,6.44
0.02,0.97,0.03,0.9,6.56,-1.04
-0.01,0.9,0.04,-0.85,5.63,-7.12
-0.01,0.84,0.05,-3.22,3.99,-12.05
-0.03,0.79,0.07,-5.85,3.76,-13.16
-0.06,0.74,0.06,-8.26,3.22,-13.27
-0.11,0.69,0.05,-10.27,2.96,-11.46
-0.14,0.61,0.09,-11.27,0.57,-10.48
-0.18,0.49,0.1,-10.53,-0.6,-10.61
-0.19,0.41,0.08,-8.92,-5.81,-12.04
-0.16,0.38,0.12,-7.34,-11.84,-9.59
-0.13,0.41,0.13,-7.21,-16.38,-1.3
-0.08,0.49,0.13,-7.2,-16.45,2.82
-0.06,0.61,0.16,-6.11,-14.45,6.62
-0.03,0.79,0.17,-5.82,-10.31,9.49
-0.05,1,0.2,-5.24,-11.15,0.65
-0.01,1.24,0.13,-2.02,2.31,5.69
0.01,1.54,0.13,2.96,9.44,3.16
0.10,1.74,0.22,14.13,10.36,-8.62
0.24,1.82,0.24,20.58,6.13,-18.26
0.28,1.65,0.29,16.69,-0.25,-4.55
0.20,1.47,0.25,8.03,-7,8.95
0.12,1.36,0.22,3.14,-16.16,19.73
0.08,1.3,0.21,3.6,-24.12,28.02
0.07,1.18,0.16,4.3,-28.43,24.04
0.07,1.09,0.16,5.37,-30.29,15.69
0.06,1.05,0.18,5.53,-28.07,9.32
0.03,1,0.21,4.1,-20.46,-1.15
0.00,0.97,0.18,3.5,-11.69,-12.76
-0.02,0.98,0.16,3.82,-4.02,-18.21
-0.04,0.96,0.12,4.69,-0.01,-18.76
-0.02,0.92,0.11,4.34,1.08,-13.23
-0.04,0.84,0.08,2.79,0.36,-5.74
-0.05,0.76,0.08,0.36,-1.58,1.32
-0.06,0.67,0.14,-2.52,-5.11,6.53
-0.08,0.58,0.1,-5.71,-3.49,9.32
-0.07,0.51,0.1,-6.06,0.41,11.82
-0.08,0.5,0.1,-3.58,3.89,12.36
-0.10,0.46,0.05,2.17,16.95,11.85
-0.10,0.51,0,8.32,26.38,9.44
-0.11,0.53,-0.01,13.88,32.95,4.65
-0.12,0.65,-0.04,16.46,34.22,-8.15
-0.14,0.86,-0.03,11.74,31.61,-21.24
-0.11,0.96,-0.01,3.62,24.35,-25.12
-0.03,1.17,0.08,-6.26,9.85,-28.83
0.09,1.37,0.12,-16.11,2.38,-14.76
0.18,1.55,0.13,-22.15,-3.21,6.52
0.13,1.63,0.08,-22.7,-3.81,8.12
0.03,1.63,0,-11.87,0.82,1.23
0.08,1.55,-0.05,7.73,9.47,-1.85
0.11,1.52,-0.04,21.6,8.73,-0.61
0.12,1.44,-0.03,25.51,9.73,6.6
0.11,1.35,-0.02,21.76,9.23,15.13
0.11,1.27,0.03,15.07,7.12,18.56
0.04,1.18,-0.02,8.12,5.96,11.29
0.03,1.06,-0.01,3.11,3.54,3.44
0.01,0.98,-0.01,-1.02,2.05,-3.09
-0.02,0.9,-0.02,-2.25,2.64,-7.42
-0.05,0.84,-0.02,-2.64,5.69,-11.08
-0.07,0.79,0.02,-3.21,6.97,-9.82
-0.12,0.72,0.04,-3.59,9.22,-8.69
-0.15,0.65,0.05,-4.56,8.95,-8.52
-0.17,0.52,0.07,-6.32,8.89,-6.11
-0.17,0.45,0.12,-6.74,9.39,-3.11
-0.19,0.42,0.1,-9.79,6.76,-4.39
-0.14,0.39,0.13,-11.92,-1.99,-8
-0.14,0.44,0.15,-15.56,-11.15,-10.79
-0.13,0.55,0.17,-20.61,-19.51,-7.92
-0.15,0.72,0.18,-24.66,-19.73,-3.76
-0.10,0.86,0.17,-22.66,-18.79,8.78
-0.09,1.03,0.17,-19.62,-9.05,11.9
-0.02,1.2,0.18,-14.34,-2.83,18.63
0.04,1.32,0.14,-5.24,-0.65,19.55
0.09,1.41,0.13,4.37,1.26,19.4
0.11,1.46,0.08,11.74,-1.63,16.21
0.14,1.49,0.12,13.66,-4.73,15.34
0.15,1.5,0.15,10.93,-6.37,7.74
0.16,1.49,0.2,5.16,-3.7,3.05
0.13,1.44,0.19,-0.57,-5.49,-6.59
0.11,1.36,0.19,-5.69,-6.14,-4.69
0.09,1.29,0.2,-7.41,-6.53,3.3
0.07,1.23,0.18,-5.27,-9.08,7.92
0.05,1.15,0.15,-0.55,-10.95,9.71
0.04,1.04,0.13,4.96,-10.02,10.11
0.03,0.92,0.13,9.29,-7.83,8.17
0.01,0.79,0.12,10.98,-5.11,4.22
-0.02,0.71,0.08,10.24,-0.02,2.34
-0.02,0.63,0.06,7.93,3.02,3.09
-0.02,0.58,0.05,4.69,7.69,1.85
-0.05,0.55,0.02,2.73,11.66,-0.92
-0.06,0.5,0.03,1.28,12.99,-3.32
-0.07,0.48,0.07,-0.5,18.53,-4.21
-0.14,0.49,0.02,-2.48,25.76,-4.72
-0.15,0.53,0.02,-1.97,35.77,-7.4
-0.13,0.56,0.04,0.29,37.36,-13.78
-0.13,0.68,0.06,0.6,30.92,-27.86
-0.12,0.87,0.07,0.53,24.19,-37.17
-0.16,1.08,0.12,-3.92,13.31,-44.21
-0.18,1.26,0.17,-11.31,5.27,-43.8
-0.14,1.4,0.18,-17.89,3.3,-23.21
-0.03,1.47,0.17,-20.17,2.02,3.8
0.03,1.48,0.12,-15.09,3.73,19.36
0.01,1.48,0.04,-4.51,4.12,16.79
0.01,1.47,0.04,8.35,-0.6,6.21
0.00,1.43,-0.03,16.77,-2.43,-1.05
0.06,1.36,-0.04,18.66,-5.27,0.21
0.09,1.31,-0.01,17.51,-10.85,3.2
0.07,1.26,-0.05,10.73,-15.03,3.34
0.03,1.18,0,3.29,-18.01,3.71
-0.03,1.12,0,-2.89,-19.98,0.27
-0.07,1.05,0,-5.92,-18.42,-5.19
-0.07,0.95,0.03,-6.13,-16.1,-7.56
-0.09,0.88,0.04,-5.5,-12.84,-8.36
-0.12,0.81,0.03,-4.81,-8.48,-8.54
-0.13,0.72,0.06,-5.11,-6.66,-10.07
-0.13,0.66,0.05,-6.82,-6.94,-11.05
-0.14,0.58,0.03,-8.75,-9.63,-11.67
-0.17,0.5,0.05,-11.32,-17.18,-9.98
-0.16,0.47,0.09,-14.62,-23.95,-7.79
-0.16,0.46,0.1,-18.21,-31.18,-3.59
-0.12,0.54,0.14,-19.5,-34.17,1.85
-0.09,0.64,0.16,-16.64,-29.36,1.91
0.00,0.76,0.16,-13.23,-22.6,-1.27
-0.01,0.93,0.13,-5.44,-11.55,7.65
-0.04,1.08,0.09,1.01,1.86,0.99
0.05,1.25,0.07,4.4,10.7,-0.84
0.13,1.4,0.13,5.26,10.66,0.16
0.13,1.52,0.09,3.21,10.47,-0.73
0.13,1.56,0.15,-2.27,9.66,-4.1
0.14,1.54,0.22,-12.21,8.25,-1.45
0.12,1.53,0.24,-17.5,5.73,2.34
0.09,1.46,0.3,-20.89,9.4,5.63
0.02,1.38,0.36,-18.92,10.15,0.29
-0.04,1.29,0.31,-13.89,10.86,-4.41
-0.05,1.2,0.27,-5.97,10.52,-7.61
-0.05,1.09,0.19,1.24,12.47,-11.78
-0.03,1.01,0.18,8.93,11.4,-14.15
-0.03,0.92,0.12,12.97,10.54,-14.13
-0.04,0.8,0.12,13.44,9.23,-9.9
-0.05,0.7,0.07,12.58,6.94,-4.6
-0.07,0.63,0.03,9.99,6.04,1.41
-0.06,0.58,0.09,5.48,3.97,8.11
-0.04,0.54,0.07,2.12,6.97,14.37
-0.03,0.52,0.08,1.38,12.95,19.85
-0.03,0.48,0.09,4.64,18.59,24.41
-0.07,0.43,0.09,7.46,21.79,27.18
-0.15,0.41,0.08,10.46,23.15,21.4
-0.20,0.45,0.1,10.23,22.84,9.32
-0.25,0.58,0.1,7.43,21.08,-6.05
-0.28,0.79,0.04,1.97,23.44,-13.32
-0.24,0.99,0.07,-9.24,20.89,-11.98
-0.18,1.17,0.06,-19.04,16.82,-4.69
-0.11,1.36,0.07,-23.82,10.93,2.59
-0.03,1.56,0.1,-20.38,2.91,5.05
-0.07,1.62,0.06,-13.79,1.33,0.76
-0.09,1.71,0.07,-5.5,-1.19,-10.81
0.00,1.68,0.01,4.95,-0.6,-8.82
0.05,1.6,0,14.44,-0.26,7.32
0.04,1.49,0,17.52,-3.71,17.94
0.01,1.38,0.01,16.6,-4.31,26.56
-0.02,1.3,0.02,13.47,-4.27,28.81
-0.05,1.2,0.02,10.53,-5.58,23.12
-0.05,1.05,0.03,9.08,-9.51,14.37
-0.07,0.95,0.03,7.02,-7.59,7.95
-0.08,0.83,0.04,1.85,-2.36,3.21
-0.06,0.73,0.03,-2.82,1.04,0.68
-0.05,0.66,0.02,-8.51,2.21,2.76
-0.06,0.59,0.02,-11.84,1.52,6.03
-0.07,0.51,0.04,-14.08,-2.21,8.07
-0.10,0.45,0.04,-14.91,-4.6,9.18
-0.13,0.42,0.06,-15.4,-7.22,6.79
-0.14,0.4,0.03,-15.31,-9.06,5.87
-0.12,0.41,0.06,-15.56,-10.56,3.9
-0.10,0.52,0.04,-14.5,-10.52,1.08
-0.06,0.7,0.05,-8.55,-7.45,-0.63
-0.03,0.9,0.08,-1.78,0.24,-4.46
-0.04,1.11,0.1,6.94,4.37,-20.48
0.03,1.32,0.18,8.34,24.39,-18.52
0.17,1.52,0.22,6.34,33.32,-9.48
0.22,1.55,0.22,3.76,33.38,4.56
0.16,1.51,0.19,1.65,30.17,8.95
0.09,1.5,0.21,-0.73,23.31,11.53
0.06,1.45,0.25,-2.53,14.99,10.29
0.05,1.42,0.27,-3.26,13.82,12.34
0.08,1.36,0.32,-3.77,12.27,11.86
0.09,1.32,0.3,-4.16,12.82,9.67
0.01,1.24,0.31,-3.6,14.21,8.2
0.01,1.17,0.28,-2.43,13.1,11.75
0.00,1.07,0.17,-0.38,14.43,13.5
0.01,1,0.2,1.92,9.76,13.99
0.00,0.9,0.2,1.52,4.79,14.76
-0.03,0.78,0.16,0.44,0.4,15.24
-0.04,0.67,0.16,-0.75,-4.02,16.47
-0.03,0.59,0.14,-1.69,-8.27,15.69
0.00,0.54,0.12,-1.27,-7.44,17.76
-0.01,0.52,0.12,-0.01,-6.69,18.36
-0.01,0.49,0.15,-0.05,-5.02,17.07
-0.03,0.48,0.17,-1.23,-0.22,15.98
-0.05,0.5,0.16,-3.44,-0.19,12.2
-0.08,0.56,0.14,-4.64,-1.31,2.27
-0.09,0.7,0.11,-4.45,-4.01,-11.66
-0.10,0.79,0.06,-4.07,-6.05,-17.22
-0.12,0.92,0.01,-3.15,-7.46,-18.33
-0.09,1.08,-0.02,-1.33,-10.06,-12.25
-0.03,1.22,0.02,-1.27,-16.82,-5.08
0.08,1.38,0.03,-2.19,-23.18,-1.73
0.05,1.55,-0.01,-7.25,-23.82,-8.2
0.01,1.71,-0.05,-12.35,-18.63,-18
0.04,1.78,-0.1,-7.86,-10.89,-14.3
0.09,1.63,-0.07,1.85,-8.76,1.91
0.11,1.48,-0.06,8.05,-8.08,16.34
0.09,1.36,-0.05,8.37,-1.27,23.44
0.05,1.28,-0.04,7.56,4.66,21.81
0.04,1.15,-0.03,8.92,8.26,15
0.01,1.04,-0.02,9.15,12.11,7.56
-0.02,0.94,-0.03,8.33,14.45,2.11
-0.04,0.83,-0.04,6.68,15.63,-2.19
-0.05,0.76,-0.04,3.45,14.21,-4.37
-0.05,0.7,-0.06,1.23,15.18,-6.14
-0.06,0.67,-0.03,-0.37,16.18,-8.15
-0.04,0.64,-0.01,-1.23,19.16,-6.15
-0.08,0.61,0.02,-0.81,19.25,-3.02
-0.13,0.53,0.04,-0.62,19.26,-3.76
-0.13,0.48,0.07,-1.92,18.38,-7.66
-0.11,0.5,0.12,-3.44,13.6,-6.56
-0.10,0.55,0.16,-6.96,10.04,-2.06
-0.08,0.67,0.22,-6.81,4.05,-2.13
-0.06,0.77,0.22,-5.04,8.58,5.82
-0.04,0.93,0.26,-3.69,8.59,2.85
0.01,1.11,0.29,-0.28,16,4.21
0.08,1.29,0.28,2.19,24.01,4.91
0.11,1.42,0.23,7.18,25.26,2.75
0.16,1.41,0.22,9.83,14.63,2.86
0.17,1.42,0.21,10.34,0.18,2.63
0.17,1.43,0.24,7.28,-9.66,2.21
0.17,1.44,0.25,1.89,-13.56,-0.37
0.15,1.42,0.26,-4.26,-14.88,-2.11
0.13,1.37,0.28,-10.76,-10.66,-0.18
0.10,1.3,0.27,-13.28,-8.11,4.58
0.06,1.21,0.26,-15.07,-4.5,6.86
0.02,1.14,0.22,-11.92,-1.87,1.18
0.00,1.06,0.2,-7.18,-1.28,-3.31
-0.02,0.96,0.16,-3.23,-0.32,-2.23
-0.03,0.84,0.12,-1.05,-0.34,-5.11
-0.01,0.74,0.13,1.6,-1.69,-4.01
-0.02,0.64,0.12,3.29,-2.4,-7.11
0.00,0.55,0.04,3.21,-0.43,-9.15
0.01,0.5,0.1,2.12,1.31,-9.55
0.01,0.52,0.12,-1.26,4.9,-6.09
-0.01,0.54,0.08,-5.41,13.06,2.53
-0.02,0.55,0.11,-8.57,17.33,8.85
-0.01,0.56,0.08,-8.79,21.18,14.15
-0.02,0.59,0.08,-7.89,20.72,15.36
-0.05,0.71,0.07,-7.6,17.17,11.76
-0.08,0.85,0.03,-9.9,15.27,2.11
-0.11,1,0.05,-13.39,11.05,-2.06
-0.09,1.18,0.07,-16.99,6.15,-1.82
-0.03,1.36,0.07,-17.95,2.51,5.69
0.05,1.41,0.07,-16.37,-2.3,16.32
0.04,1.44,0.07,-13.81,-4.44,20.18
0.02,1.5,0.07,-10.27,-8.2,17.6
0.02,1.52,0.06,-7.22,-9.88,9.37
0.03,1.54,0.01,-3.11,-5.81,2.23
0.07,1.47,0,3.82,-0.82,5.95
0.06,1.4,-0.03,8.77,1.11,7.84
0.05,1.32,-0.01,10.21,2.84,8.79
0.04,1.24,0,10.24,4.08,4.79
0.02,1.17,0.03,8.93,5.49,-0.72
0.00,1.08,0.03,8.45,5.11,-5.29
-0.02,0.96,0.05,7.76,3.18,-8.05
-0.04,0.85,0.05,6.93,2.44,-12.15
-0.05,0.72,0.06,5.44,2.18,-16.7
-0.06,0.63,0.08,3.38,3.89,-17.15
-0.06,0.57,0.1,1.87,5.79,-14.7
-0.07,0.5,0.07,1.6,3.76,-11.75
-0.09,0.43,0.05,3,0.43,-11.96
-0.07,0.39,0.08,2.84,-5.05,-9.76
-0.03,0.39,0.08,-0.45,-9.39,-6.02
-0.01,0.44,0.09,-4.29,-12.79,-2.59
-0.01,0.59,0.19,-10.95,-15.47,-5.98
-0.01,0.71,0.15,-13.21,2.24,-1.85
-0.03,0.92,0.13,-11.98,7.65,-4.52
0.05,1.17,0.12,-7.34,19.22,1.57
0.09,1.36,0.1,2.62,25.46,5.08
0.12,1.46,0.14,12.56,20.79,10.11
0.15,1.43,0.25,14.69,13.59,13.31
0.15,1.41,0.28,8.85,6.53,13.86
0.14,1.39,0.3,3.5,3.5,10.13
0.14,1.39,0.33,-1.54,0.3,7.6
0.13,1.34,0.31,-4.94,-2.13,2.62
0.13,1.37,0.29,-5.08,-5.51,-2.12
0.12,1.39,0.26,-3.21,-6.31,-5.4
0.08,1.36,0.24,-0.33,-7.11,-9.96
0.07,1.3,0.22,3.32,-9.12,-9.85
0.05,1.22,0.18,5.82,-11.55,-6.78
0.04,1.1,0.16,6.88,-12.44,-2
0.00,0.96,0.13,6.92,-12.95,-1.92
-0.02,0.83,0.12,5.72,-12.16,-2.14
-0.03,0.7,0.11,1.78,-8.83,-2.31
-0.04,0.59,0.1,-1.86,-4.47,-1.98
-0.04,0.51,0.11,-6.05,0.37,-0.05
-0.03,0.47,0.11,-9.98,5.48,1.31
0.00,0.44,0.14,-11.86,13.76,3.79
0.01,0.39,0.12,-12.26,20.92,7.76
0.00,0.4,0.08,-11.67,25.09,13.34
-0.05,0.41,0.02,-9.69,24.85,13.46
-0.11,0.45,0.04,-7.53,22.36,9.65
-0.18,0.56,0.03,-8.04,19.66,-3.54
-0.18,0.74,0.05,-10.98,16.91,-15.1
-0.12,0.97,0.08,-16.5,11.94,-21.69
-0.04,1.27,0.08,-23.93,6.4,-20.98
0.05,1.57,0.08,-25.84,-0.69,-13.16
0.00,1.82,-0.01,-22.61,-1.17,-7.27
0.01,1.87,0.02,-13.47,-3.61,-3.17
-0.01,1.84,-0.03,-4.41,-1.69,5.4
0.07,1.74,-0.02,8.15,3.17,4.67
0.08,1.58,-0.04,18.49,1.81,8.05
0.09,1.49,-0.01,21.17,-0.02,16.01
0.09,1.41,0,21.89,-1.73,18.52
0.06,1.33,0.03,22.69,-0.57,12.6
0.03,1.23,0.05,21.34,-1.75,2.51
-0.02,1.1,0.06,18.22,-3.08,-3.4
-0.03,0.97,0.06,14.44,-3.98,-4.48
-0.03,0.84,0.05,11.11,-3.45,-1.93
-0.04,0.74,0.04,8.08,-0.44,3.4
-0.03,0.62,0.08,6.19,0.98,8.5
-0.03,0.51,0.08,4.72,0.07,13.03
-0.05,0.4,0.12,3.44,-1.84,14.23
-0.09,0.31,0.11,1.1,-4.76,12.41
-0.13,0.23,0.14,-3.85,-11.65,8.47
-0.11,0.24,0.18,-8.43,-21.16,4.02
-0.12,0.32,0.19,-12.39,-24.94,4.02
-0.11,0.49,0.2,-11.88,-28.31,3.55
-0.10,0.68,0.18,-6.67,-28.85,1.89
-0.10,0.88,0.23,-1.76,-24.78,-2.06
-0.06,1.04,0.23,-1.92,-14.56,-2.05
-0.02,1.37,0.16,0.33,-10.98,-11.31
0.07,1.5,0.2,0.96,-0.56,3.74
0.13,1.55,0.15,6.17,-4.05,9.27
0.19,1.51,0.2,4.23,-12.44,15.99
0.15,1.46,0.21,-2.1,-13.47,15.65
0.13,1.45,0.22,-4.18,-13.64,11.3
0.12,1.42,0.2,-2.63,-13.12,-2.24
0.14,1.4,0.2,-0.41,-10.24,-10.46
0.12,1.38,0.21,0.39,-7.64,-10.7
0.10,1.34,0.19,-0.66,-1.91,-0.98
0.05,1.25,0.2,-0.45,-2.15,0.93
0.03,1.14,0.18,0.23,-1.38,1.27
0.02,1.01,0.15,0.79,-0.57,2.18
0.00,0.87,0.15,0.63,0.42,1.09
-0.02,0.74,0.13,1.02,2.66,1.13
-0.05,0.62,0.11,0.93,6.39,0.78
-0.03,0.52,0.1,0.73,9.44,1.76
-0.05,0.46,0.08,0.34,11.57,1.09
-0.04,0.44,0.09,0.24,13.82,0.5
-0.03,0.44,0.08,-0.11,16.88,0.63
-0.02,0.44,0.07,-0.81,20.85,3.98
-0.04,0.44,0.04,0.15,24.76,11.79
-0.06,0.45,0.04,3.31,26.7,20.77
-0.08,0.52,0.03,7.75,28.19,21.64
-0.10,0.63,0.05,8.15,29.95,7.47
-0.14,0.83,0.04,2.85,29.76,-6.39
-0.12,1.05,0.05,-6.53,29.63,-16.11
-0.02,1.34,0.04,-14.88,29.76,-17.63
0.13,1.62,0.05,-17.84,23.17,-14.9
0.14,1.78,0.02,-14.66,16.02,-15.67
0.07,1.76,0,-10.26,12.98,-9.21
0.00,1.74,0,-7.06,9.6,-10.04
0.06,1.68,-0.02,-2.66,7.29,-8.56
0.12,1.59,0,7.13,6.76,4.16
0.13,1.51,-0.01,13.85,4.11,16.03
0.10,1.41,0.01,16.57,1.98,20.28
0.05,1.3,0.02,16.83,2.36,15.97
0.01,1.19,0.03,15.37,2.78,6.08
-0.01,1.06,0.02,11.59,1.81,-1.37
0.00,0.93,0.02,8.02,1.3,-2.91
-0.01,0.87,0.04,5.21,0.02,-2.68
-0.01,0.79,0.04,3.69,-0.71,1.01
-0.01,0.71,0.04,1.63,-1.54,3.44
-0.03,0.63,0.08,1.63,-3.53,7.19
-0.06,0.55,0.08,0.92,-4.68,10.64
-0.09,0.46,0.07,0.5,-8.03,11.88
-0.09,0.38,0.13,-0.98,-12.99,13.19
-0.11,0.33,0.13,-3.81,-19.43,9.89
-0.10,0.32,0.11,-6.69,-22.9,11.07
-0.12,0.39,0.12,-9.49,-25.27,15.83
-0.11,0.48,0.11,-7.82,-22.4,9.43
-0.09,0.63,0.14,-6.69,-19,5.5
-0.03,0.86,0.16,-8.24,-11.72,-2.29
0.05,1.16,0.1,-7.69,-2.66,9.32
0.13,1.35,0.11,-7.08,15.7,12.98
0.20,1.49,0.09,-4.84,21.05,20.93
0.32,1.62,0.07,1.13,23.79,9.84
0.33,1.66,0.14,2.25,9.54,-4.59
0.31,1.7,0.28,-3.79,1.68,-24.64
0.28,1.71,0.33,-9.5,3.5,-33.71
0.21,1.57,0.3,-14.59,7.41,-23.55
0.17,1.51,0.28,-17.15,6.71,-0.16
0.08,1.39,0.24,-14.36,6.64,7.11
0.09,1.3,0.23,-7.53,-0.25,11.26
0.03,1.14,0.21,-0.99,-4.08,6
0.05,0.98,0.18,4.34,-6.94,-0.22
0.00,0.84,0.16,5.73,-6.49,-3.77
-0.02,0.67,0.16,4.69,-7.39,-9.77
-0.06,0.59,0.09,0.79,-3.16,-7.98
-0.04,0.49,0.09,-3.18,0.53,-3.87
-0.02,0.46,0.06,-6.89,5.11,4.13
-0.02,0.44,0.01,-5.63,5.76,9.5
0.00,0.4,0.04,-3.79,5.01,14.25
-0.03,0.39,0.01,-0.04,7.5,14.46
-0.05,0.4,0.04,4.11,10.86,13.64
-0.07,0.44,0,8.02,18.31,10.88
-0.09,0.51,0.01,8.8,24.51,3.95
-0.10,0.69,0.02,5.15,29.72,-3.56
-0.12,0.89,0,1.58,35.88,-14.67
-0.07,1.16,0.07,-3.38,36.19,-24.02
0.00,1.39,0.03,-8.29,35.99,-16.16
0.05,1.53,0.01,-12.76,35.13,-3.37
0.03,1.57,-0.02,-10.85,30.11,13.15
0.01,1.55,-0.05,-3.76,25.5,16.4
0.00,1.53,-0.04,3.25,18.22,6.13
0.04,1.55,0,5.24,11.15,-3.86
0.08,1.55,0,3.58,11.26,-8.58
0.11,1.46,0.03,3.02,14.18,2.54
0.11,1.41,0.03,2.48,16.44,11.06
0.10,1.34,0.02,3.71,17.34,10.91
0.06,1.25,0.01,6.9,17.57,7.61
0.04,1.15,0.01,9.67,17.38,2.31
0.00,1.04,0.01,10.37,16.4,-2.56
-0.01,0.94,0.03,9.66,13.64,-5.23
-0.01,0.84,0.04,7.65,10.06,-5.34
-0.01,0.74,0.05,5.09,7.08,-4.83
-0.03,0.65,0.06,2.76,4.99,-5.3
-0.04,0.59,0.07,1.11,3.99,-3.27
-0.06,0.51,0.08,-1.69,1.92,-3.53
-0.06,0.46,0.09,-4.4,0.08,-2.77
-0.05,0.43,0.12,-6.73,-4.66,-1.95
-0.07,0.43,0.06,-8.23,-10.08,0.36
-0.07,0.42,0.11,-8.73,-16.6,0.82
-0.05,0.49,0.13,-8.84,-21.55,7.35
-0.05,0.6,0.19,-6.69,-21.76,11.53
-0.08,0.73,0.16,-2.94,-19.99,2.76
-0.06,0.86,0.18,-2.24,-12.86,-4.61
-0.02,1.06,0.18,-2.73,-8.89,-10.41
0.02,1.3,0.18,-0.69,-10.4,-19.67
0.07,1.54,0.13,3.63,-1.3,-5.72
0.13,1.55,0.17,8.04,-3.82,-2.68
0.15,1.53,0.25,7.69,-13.96,-4.11
0.16,1.49,0.29,-0.03,-20.08,0.95
0.16,1.46,0.27,-7.04,-22.68,2.85
0.17,1.48,0.26,-11.04,-24.05,2.95
0.18,1.47,0.21,-11.77,-24.29,4.85
0.17,1.42,0.17,-10.47,-23.1,0.89
0.12,1.35,0.18,-8.3,-21.52,-3.89
0.10,1.29,0.15,-6.21,-18.06,-3.92
0.07,1.21,0.11,-4.44,-14.94,-3.69
0.04,1.11,0.1,-2.31,-12.06,-5.09
0.01,1,0.07,-0.89,-8.23,-6.4
0.00,0.86,0.07,-0.69,-5.18,-5.96
-0.04,0.77,0.05,-1.95,-1.44,-5.76
-0.04,0.68,0.04,-5.63,4.47,-3.63
-0.02,0.61,0.06,-7.84,10.03,0.76
-0.06,0.54,0,-8.89,15.82,4.08
-0.08,0.51,-0.02,-6.51,25.67,6.08
-0.11,0.42,-0.01,-4.14,31.21,7.08
-0.13,0.38,-0.03,-2.35,42.85,7.11
-0.11,0.37,0.01,0.09,52.5,8.77
-0.10,0.39,-0.01,2.59,60.11,10.69
-0.10,0.45,0.03,7.22,56.95,6.91
-0.09,0.58,0.01,8.98,47.8,-0.06
-0.04,0.78,0.05,9.12,34.59,-6.02
0.01,1.03,0.17,5.53,20.27,-6.56
0.02,1.27,0.17,-0.42,11.6,-3.63
0.09,1.45,0.16,-1.08,6.76,9.74
0.07,1.65,0.02,2.69,9.6,8.51
0.10,1.61,0.01,9.98,13.73,9.15
0.14,1.55,0.01,14.58,15.5,12.15
0.17,1.49,-0.01,13.89,14.76,15.18
0.17,1.42,-0.03,11.62,11.95,14.16
0.14,1.38,-0.06,7.68,9.98,5.64
0.14,1.4,-0.05,3.31,6.25,-1.04
0.13,1.38,-0.05,0.16,4.41,-7.29
0.11,1.31,0.04,-4.07,0.3,-11.5
0.07,1.23,0.02,-9.89,-1.99,-13.58
0.01,1.17,0.04,-13.61,-2.21,-14.32
-0.02,1.08,0.06,-14.48,-2.79,-11.73
-0.04,0.97,0.07,-13.06,-2.19,-9.9
-0.06,0.85,0.08,-10.68,-1.07,-8.37
-0.06,0.73,0.11,-7.63,-1.24,-6.13
-0.04,0.62,0.11,-5.65,-3.85,-4.31
-0.04,0.53,0.09,-4.22,-8.98,-2.67
-0.05,0.49,0.07,-3.79,-15.7,-1.5
-0.06,0.41,0.13,-6.62,-21.52,-0.66
-0.07,0.39,0.12,-9.92,-26.45,0.92
-0.05,0.41,0.13,-10.71,-30.31,4.97
-0.04,0.47,0.15,-7.23,-33.89,11.03
-0.08,0.57,0.18,-1.62,-31.95,14.66
-0.10,0.7,0.17,3.53,-29.1,9.09
-0.05,0.9,0.1,13.01,-24.02,15.56
-0.05,1.05,0.16,16.37,-15.86,12.73
-0.05,1.23,0.04,15.27,-5.24,6.71
0.07,1.49,0.03,15.52,1.88,2.47
0.14,1.52,0.15,10.02,-1.95,-9.82
0.24,1.58,0.23,-3.15,-13.49,-2.01
0.25,1.58,0.3,-13.24,-17.11,0.14
0.19,1.55,0.28,-16.15,-17.59,-3.17
0.13,1.51,0.25,-16.15,-7.02,-4.02
0.09,1.45,0.28,-13.85,-5.54,-11.35
0.05,1.38,0.23,-12.02,-5.37,-10.14
0.03,1.34,0.18,-6.75,-7.01,-10.94
0.03,1.25,0.13,-1.49,-8.5,-13.22
0.00,1.13,0.11,2.59,-10.34,-16.98
-0.03,0.96,0.07,3.4,-9.69,-17.79
-0.04,0.83,0.08,1.08,-7.27,-13.98
-0.04,0.69,0.05,-2.42,-4.21,-7.15
-0.03,0.58,0.04,-5.56,0.26,-0.98
-0.01,0.49,0.04,-6.95,3.34,5.53
0.00,0.44,0,-7.6,10.94,11.93
0.00,0.41,0,-5.51,18.69,18.3
-0.02,0.37,-0.02,-1.25,23.6,21.9
-0.06,0.38,0,1.92,28.26,23.34
-0.11,0.37,-0.02,6.31,38.6,21.01
-0.14,0.44,-0.04,8.77,48.06,15.24
-0.16,0.55,-0.03,8.49,53.72,0.75
-0.17,0.74,-0.03,5.21,56.24,-11.34
-0.10,1.03,0.04,-1.21,54.92,-15.31
-0.05,1.26,0.12,-10.8,49.02,-13.5
0.02,1.48,0.15,-17.48,38.53,-6.24
0.05,1.66,0.11,-16.43,31.02,7.39
0.01,1.67,0.08,-9.11,29.11,13.85
0.05,1.65,0.11,-0.42,26.79,11.2
0.03,1.57,0.03,6.38,27.5,3.5
0.07,1.53,0.03,8.95,24.6,-1.49
0.11,1.46,0.04,9.2,20.7,4.41
0.11,1.39,0.06,6.18,16.6,10.56
0.09,1.33,0.06,2.93,13.53,12.76
0.07,1.29,0.06,3.15,9.9,10.11
0.06,1.22,0.03,5.5,5.94,6.24
0.03,1.13,0.03,7.47,4.4,3.69
0.00,1,0.06,8.42,2.69,0.06
-0.06,0.9,0.03,9.17,4.33,-4.03
-0.08,0.77,0.01,8.53,6.48,-4.02
-0.09,0.68,0,6.83,8.46,-3.65
-0.07,0.59,0.02,4.69,10.19,-0.47
-0.09,0.5,0.02,2.59,9.57,0.18
-0.08,0.44,0.05,0.74,7.36,-0.92
-0.08,0.43,0.07,-1.3,3.47,-2.64
-0.08,0.44,0.09,-2.03,-0.48,-1.65
-0.04,0.45,0.11,-1.47,-6.61,3.5
-0.02,0.5,0.14,-0.17,-10.4,9.44
-0.03,0.58,0.18,1.78,-13.31,16.27
-0.06,0.67,0.19,3.86,-14.17,16.18
-0.09,0.79,0.2,5.82,-15.18,8.08
-0.07,0.92,0.19,6.69,-15.62,-2.85
-0.04,1.12,0.17,5.68,-17.02,-11.76
0.00,1.33,0.14,3.53,-19.5,-18.91
0.02,1.55,0.13,4.2,-27.24,-13.84
0.11,1.51,0.27,-1.96,-27.37,1.23
0.11,1.48,0.26,-7.66,-30.78,4.47
0.11,1.46,0.18,-9.63,-31.08,3.93
0.11,1.42,0.15,-8.21,-29.93,3.36
0.09,1.39,0.12,-5.86,-28.24,-0.94
0.09,1.39,0.11,-4.74,-23.15,1.81
0.08,1.39,0.08,-3.4,-19.92,-1.82
0.08,1.34,0.11,-4.87,-15.78,-1.85
0.06,1.24,0.04,-6.44,-12.13,-1.95
0.02,1.15,0.08,-6.74,-9.02,-1.91
0.02,1.06,0.08,-4.92,-7.85,-0.86
0.01,0.94,0.08,-4.2,-5.88,-1.72
0.01,0.86,0.08,-4.4,-3.84,-0.58
0.02,0.76,0.08,-3.55,-1.46,-0.14
0.00,0.68,0.11,-4.47,0.47,-1.48
0.00,0.61,0.05,-5.13,7.98,1.95
0.01,0.59,0.04,-4.24,14.49,2.57
0.01,0.53,0.01,-2.69,24.62,1.95
0.00,0.49,-0.05,-0.29,37.43,3.04
-0.03,0.46,-0.08,2.69,50.31,1.65
-0.09,0.47,-0.07,6.66,62.85,1.21
-0.13,0.5,-0.05,8.16,72.57,-0.84
-0.16,0.6,-0.08,8.74,78.66,-2.37
-0.14,0.8,-0.07,6.79,77.13,-13.53
-0.06,1.05,-0.08,3.65,66.05,-29.85
-0.06,1.27,0.07,-6.64,59.95,-39.66
-0.01,1.47,0.07,-10.24,53.07,-15.02
-0.01,1.53,0.08,-10.74,49.93,3.19
0.06,1.45,0.09,-8.25,45.39,18.98
0.08,1.4,0.1,-2.6,44.38,22.2
0.08,1.33,0.07,1.95,45.77,18.46
0.11,1.33,0.09,5.09,41.11,16.91
0.10,1.3,0.08,5.68,34.03,13.28
0.07,1.27,0.04,3.69,25.97,8.93
0.05,1.26,0,1.36,18.66,5.86
0.06,1.25,0,-0.85,11.13,2.64
0.03,1.21,0,-1.63,7.87,0.25
0.03,1.15,0.03,-0.73,6.56,-1.69
0.00,1.12,0.05,0.79,7.42,-2.96
-0.01,1.01,0.06,1.5,8.76,-4.6
-0.01,0.93,0.07,1.54,6.56,-3.46
-0.02,0.85,0.1,0.53,2.38,-2.82
-0.02,0.79,0.11,-0.28,-3.71,-3.11
-0.05,0.73,0.1,-1.29,-9.66,-3.32
-0.07,0.66,0.13,-2.5,-18.74,-3.98
-0.05,0.61,0.18,-3.33,-28,-0.99
-0.07,0.57,0.19,-5.37,-35.43,2.39
-0.05,0.56,0.16,-7.63,-42.28,6.44
-0.06,0.59,0.17,-5.27,-48.63,10.36
-0.06,0.58,0.16,-2.25,-54.05,12.15
-0.08,0.61,0.17,0.02,-60.29,14.27
-0.11,0.67,0.16,-0.5,-65.34,14.32
-0.12,0.79,0.17,-4.6,-65.87,12.56
-0.08,0.99,0.15,-8.41,-63.69,8.88
-0.03,1.18,0.12,-10.24,-59.65,4.45
0.02,1.37,0.08,-9.82,-56.42,0.87
0.04,1.4,0.02,-3.89,-40.94,10.82
0.11,1.45,0.01,1.38,-40.49,12.34
0.15,1.46,0.03,0.87,-38.67,15.92
0.17,1.46,0.05,-3.63,-29.23,14.44
0.21,1.46,0.05,-8.14,-16.09,12.2
0.17,1.41,0.08,-9.83,-6.55,6.56
0.13,1.36,0.1,-9.48,0.59,-0.66
0.11,1.3,0.11,-9.11,8.01,-6.79
0.11,1.25,0.12,-8.14,14.7,-10.34
0.08,1.19,0.11,-5.4,19.31,-10.21
0.06,1.09,0.11,-2.26,20.04,-9.43
0.03,1,0.1,0.38,21.39,-9.07
-0.01,0.87,0.07,2.35,23.05,-11.64
0.00,0.78,0.08,3.12,23.53,-11.11
0.00,0.68,0.07,3.04,22.19,-6.1
-0.02,0.59,0.06,3.63,21.11,-3.06
0.02,0.52,0.09,4.63,21.25,2.05
0.03,0.49,0.09,5.46,26.46,9.06
0.01,0.49,0.08,5.56,34.19,14.4
-0.02,0.47,0.04,7.21,45.95,20.5
-0.04,0.46,0.06,9.65,52.39,24.18
-0.11,0.48,0.03,12.02,58.3,21.88
-0.08,0.63,0.05,12.33,53.89,15.66
-0.16,0.68,-0.03,11.18,50.9,4.95
-0.14,0.81,-0.01,9.24,43.3,-3.89
-0.16,0.91,0.01,6.73,28.53,-8.5
-0.11,1.05,0.06,2.81,11.37,-10.92
-0.02,1.21,0.16,-2.94,-4.21,-18.68
0.08,1.39,0.22,-12.35,-3.36,-22.75
0.20,1.58,0.18,-8.82,2.73,-4.75
0.21,1.58,0.17,-1.69,8.94,4.77
0.17,1.5,0.06,9.2,1.16,6.05
0.17,1.43,0.04,13.47,-6.27,10.38
0.11,1.38,-0.05,12.96,-11.19,3.56
0.11,1.37,-0.06,9.45,-20.15,-2.06
0.10,1.39,-0.06,4.99,-29.14,-3.32
0.08,1.4,-0.07,1.02,-36.85,-3.07
0.04,1.39,-0.05,-2.79,-42.87,-1.28
0.01,1.32,-0.01,-5.24,-42.42,-1.56
-0.03,1.2,0.01,-5.88,-38.56,-4.27
-0.06,1.08,0.03,-5.71,-35.21,-3.45
-0.08,0.93,0.04,-5.17,-30.89,-3.76
-0.09,0.82,0.05,-5.05,-27.45,-5.56
-0.12,0.7,0.02,-4.79,-25.18,-6.53
-0.16,0.61,0,-6.34,-23.6,-11.84
-0.15,0.52,-0.01,-8.11,-26.54,-11.26
-0.14,0.47,-0.01,-9.58,-31.15,-10.29
-0.14,0.43,0.01,-10.89,-37.27,-6.44
-0.12,0.41,0.05,-11.38,-43.13,-3.95
-0.10,0.42,0.04,-11.24,-44.92,-3.82
-0.04,0.5,0.07,-10.65,-43.88,-1.56
0.04,0.64,0.17,-15.53,-48.37,1.19
0.07,0.8,0.1,-13.64,-21.18,17.63
0.02,0.94,0.04,-9.11,-10.78,15.29
0.01,1.13,0.01,-4.12,-1.96,13.4
0.09,1.26,-0.05,-0.22,9.72,20.56
0.17,1.31,-0.05,3.29,16.93,26.2
0.21,1.32,0.04,3.47,16.22,25.54
0.25,1.28,0.1,-3.85,16.12,24.14
0.24,1.3,0.17,-9.74,15.32,15.92
0.25,1.34,0.22,-13.81,16.12,10.46
0.19,1.34,0.23,-11.73,16.55,6.25
0.19,1.36,0.28,-6.98,17.28,-0.46
0.14,1.39,0.3,-3.87,17.47,-5.11
0.13,1.34,0.27,-1.31,17.58,-13.73
0.11,1.3,0.23,2.41,16.37,-16.46
0.08,1.23,0.17,6.55,15.27,-14.07
0.03,1.1,0.16,8.22,7.19,-11.56
0.01,1,0.14,8.66,1.17,-8.05
0.01,0.86,0.12,7.04,-2.89,-3.05
0.00,0.74,0.12,4.04,-5.31,-0.11
0.02,0.62,0.1,1.47,-6.73,1.97
0.03,0.54,0.11,-1.5,-7,2.99
0.05,0.51,0.13,-3.29,-2.54,7.97
0.00,0.51,0.06,-1.44,7.56,10.71
-0.01,0.49,0.13,3.16,11.66,16
-0.04,0.5,0.08,8.37,19.37,19.59
-0.07,0.49,0.08,12.36,24.27,22.27
-0.13,0.55,0.03,13.73,27.23,25.18
-0.19,0.63,-0.01,11.47,24.89,22.02
-0.20,0.73,-0.05,7.53,20.94,11.79
-0.23,0.9,-0.05,0.02,11.79,-6.48
-0.17,1.09,-0.05,-9.4,3.31,-32.51
0.04,1.48,-0.04,-16.25,5.03,-51.52
0.27,1.84,-0.02,-14.54,7.21,-37.95
0.25,1.87,-0.06,-7.37,5.12,-22.39
0.15,1.77,-0.08,2.75,8.61,-15.28
0.10,1.62,-0.1,9.7,11.71,-10.1
0.08,1.45,-0.09,11.01,16.69,-0.63
0.08,1.35,-0.06,9.71,17.75,10.48
0.06,1.27,-0.05,7.63,16.94,12.97
0.04,1.19,-0.02,5.91,14.15,7.81
0.02,1.11,0,4.95,10.98,2.29
0.00,0.99,0.02,4.08,8.82,0.11
-0.01,0.9,0.07,2.9,6.08,1.1
-0.03,0.82,0.09,1.53,2.53,5.61
-0.02,0.74,0.14,-0.66,-1.51,9.32
-0.06,0.65,0.16,-3.76,-6.86,14.34
-0.04,0.59,0.15,-5.83,-8.81,20.09
-0.04,0.55,0.17,-8.12,-19.22,24.01
-0.10,0.53,0.13,-7.84,-24.94,18.58
-0.10,0.53,0.15,-5.97,-33.46,15.55
-0.11,0.52,0.16,-5.63,-38.37,11.92
-0.11,0.55,0.2,-4.97,-44.9,14.68
-0.10,0.61,0.23,-4.47,-46.21,17.54
-0.14,0.72,0.18,-3.79,-42.12,18.63
-0.14,0.88,0.14,-1.34,-42.13,13.11
-0.07,1.02,0.14,-3.64,-29.1,18.82
-0.02,1.28,0.1,-3.53,-20.13,7.73
0.07,1.41,0.03,-2.6,-12.2,0.98
0.25,1.55,0.08,-3.64,-9.26,2.37
0.35,1.54,0.16,-10.28,-15.63,4.69
0.32,1.53,0.14,-14.66,-17.08,-2.11
0.30,1.49,0.14,-15.82,-11.48,-4.42
0.27,1.45,0.17,-13.07,-8.49,-9.95
0.21,1.35,0.15,-10.79,-0.71,-9.92
0.17,1.25,0.17,-8.89,8.58,-4.11
0.12,1.19,0.16,-7.04,13.86,0.68
0.11,1.09,0.14,-3.97,12.82,1.8
0.11,1,0.13,-0.21,11.51,1.42
0.06,0.91,0.11,3.08,11.11,-1.03
0.03,0.83,0.09,4.88,12.69,-3.33
0.02,0.76,0.08,4.63,14.11,-5.96
0.02,0.69,0.11,2.67,12.74,-6.55
0.00,0.63,0.07,0.43,14.6,-3.27
-0.01,0.6,0.09,-1.81,16.34,-1.18
0.00,0.59,0.08,-2.7,20.5,-0.27
0.01,0.59,0.06,-1.34,28.89,2.65
-0.02,0.59,0.06,2.31,32.69,7.6
-0.05,0.59,0,9.9,41.26,14.64
-0.05,0.61,0.01,17.09,43.89,16.96
-0.09,0.67,0,18.98,44.22,10.69
-0.11,0.78,0.04,13.98,39.85,-7.99
-0.11,0.91,0.02,5.81,36.11,-24.23
-0.02,1.08,0.02,-4.2,34.87,-23.5
0.05,1.23,-0.02,-11.89,34.65,-9.09
0.12,1.32,-0.02,-13.33,35.77,4.78
0.17,1.41,-0.07,-5.15,38.79,5.29
0.18,1.46,0.02,3.22,36.06,-3.66
0.16,1.5,0.02,7.41,32.44,-14.12
0.16,1.52,0.1,4.01,30.56,-19.27
0.14,1.5,0.14,-2.7,23.56,-20.47
0.10,1.48,0.13,-8.56,16,-15.08
0.09,1.43,0.11,-9.14,7.27,-6.56
0.08,1.37,0.11,-4.43,-2.01,1.55
0.05,1.24,0.11,1.47,-11.31,6.31
0.04,1.11,0.11,6.24,-19.88,8.43
0.03,1,0.11,10.21,-27.33,8.06
0.01,0.87,0.12,12.44,-34.64,6.9
-0.02,0.73,0.09,11.96,-41.89,4.71
-0.05,0.62,0.06,9.94,-48.71,0.69
-0.06,0.53,0.04,6.23,-52.91,-1.34
-0.06,0.49,0.02,1.26,-51.49,0.5
-0.05,0.46,0.01,-3.97,-50.99,4.51
-0.04,0.44,0.04,-8.15,-53.79,10.84
-0.04,0.43,0.05,-11.18,-56.19,17.68
-0.03,0.43,0.06,-12.47,-57.89,25.09
-0.04,0.51,0.05,-13.58,-56.89,32.77
-0.05,0.58,0.02,-14.02,-49.72,32.56
-0.02,0.77,0.04,-15.95,-36.15,25.05
0.07,0.98,-0.06,-11.45,-17.14,16.35
0.15,1.2,-0.03,-6.38,2.82,5.29
0.22,1.41,-0.01,-0.5,12.5,-8.7
0.32,1.57,0.01,1.82,13.98,-12.19
0.37,1.55,0.08,-5.11,13.69,-10.95
0.36,1.57,0.06,-12.56,17.43,-6.87
0.35,1.59,0.09,-16.08,17.72,-4.79
0.33,1.59,0.18,-17.56,25.83,-1.55
0.24,1.54,0.19,-15.68,26.9,-6.02
0.16,1.47,0.16,-10.28,28.16,-11.44
0.16,1.37,0.13,-4.44,34.56,-15.34
0.16,1.26,0.18,0.76,36.63,-18.66
0.14,1.16,0.12,2.95,37.81,-19.06
0.09,1.04,0.11,2.78,37.58,-16.53
0.02,0.89,0.06,3.11,33.58,-15.31
-0.02,0.73,0.07,5.1,29.87,-12.38
-0.04,0.59,0.04,4.89,25.78,-5.39
-0.01,0.47,0.11,3.47,24.23,-0.51
0.02,0.42,0.07,4.15,23.73,5.63
-0.01,0.32,0.07,7.29,26.06,16.71
0.02,0.33,0.07,11.37,37.47,26.08
0.00,0.37,0.08,14.6,45.94,29.88
-0.06,0.42,0.06,14.39,45.33,34.15
-0.17,0.55,0.1,11.83,39.56,24.41
-0.21,0.69,0.1,7.4,34.29,9.96
-0.22,0.76,0,4.16,16.26,-2.66
-0.03,1.04,0.11,-5.26,6.47,-3.69
0.09,1.3,0.24,-10.6,-0.37,2.99
0.16,1.44,0.13,-12.65,-6.21,10.28
0.18,1.49,0.12,-6.91,-6.99,15.06
0.13,1.48,0.09,4.68,-9.5,13.25
0.10,1.46,0.13,14.1,-12.66,9.5
0.12,1.44,0.04,16.86,-15,9.14
0.13,1.41,0,14.21,-18.84,9.79
0.16,1.42,-0.06,7.04,-22.24,8.01
0.13,1.4,-0.18,0.71,-29.77,6.18
0.13,1.37,-0.19,-5.27,-29.82,2.62
0.10,1.26,-0.15,-4.77,-19.52,-6.89
0.02,1.18,-0.02,-3.65,-24.66,1.06
-0.06,1.05,-0.02,-2.31,-20.79,2.46
-0.04,0.92,0.11,-2.02,-26.11,8.28
-0.09,0.81,0.02,-2.85,-21.91,8.79
-0.09,0.69,0.03,-5.4,-16.54,9.79
-0.09,0.58,-0.02,-8.99,-12.93,10.75
-0.09,0.51,-0.04,-10.92,-5.33,13.62
-0.07,0.43,-0.01,-12.4,-1.7,14.36
-0.04,0.37,0.02,-15.44,-0.97,16.54
0.00,0.37,0.01,-18.25,-4.21,25.75
0.04,0.45,0.03,-17.95,-7.97,33.47
0.05,0.49,0.11,-15.74,-14.07,33.4
0.07,0.63,0.12,-13.08,-8.14,23.81
-0.02,0.61,0.19,-22.14,-4.63,-11.45
0.05,1.02,0.04,-13.46,10.04,-25.36
0.13,1.27,0.07,-8.51,34.02,-40.07
0.27,1.55,0.08,-1.43,47.34,-34.53
0.35,1.58,0.1,4.76,41.16,-12.08
0.34,1.54,0.19,8.45,22.2,-1.68
0.28,1.5,0.26,5.95,9,-3.34
0.32,1.51,0.34,1.99,-4.31,6.73
-0.05,1.25,0.36,-3.86,-11.37,0.12
0.21,1.26,0.55,-12.6,-18,-1.92
0.18,1.27,0.44,-9.45,-20.98,6.64
0.28,1.29,0.33,-8.16,-24.2,8.8
0.10,1.14,0.2,-2.37,-23.89,-2.99
0.14,1.09,0.18,0.92,-22.6,-11.85
0.10,0.97,0.12,0.8,-19.11,-21.36
0.14,0.94,0.1,-2.17,-23.95,-5.1
0.10,0.8,0.02,-4.87,-25.36,6.18
0.07,0.65,0,-5.94,-28.45,3.62
0.06,0.58,0,-1.98,-28.7,0.81
0.08,0.56,0.01,2.36,-18.4,-3.75
0.13,0.62,0.06,6.35,-7.85,-8.08
0.11,0.67,0.04,12.28,4.53,-9.5
0.05,0.67,0.05,18.27,15.55,-2.07
-0.04,0.69,0.04,23.22,24.24,3.69
-0.05,0.78,0.08,22.55,37.44,-19
-0.03,0.72,-0.02,25.98,34.58,28.31
-0.24,0.62,-0.1,21.15,47.08,7.76
-0.16,0.81,-0.12,15.57,47.56,5.98
-0.14,0.8,-0.05,4.02,50.56,-22.7
-0.04,0.92,-0.09,-5.6,41.02,-22.27
-0.05,1.14,-0.39,-13.6,36.73,-31.77
0.16,1.32,0.08,-17.16,41.05,-37.05
0.37,1.59,0.22,-14.06,39.47,-44.75
0.11,1.56,0.08,-3.95,47.16,-42.86
0.09,1.63,-0.04,11.15,50.96,-33.43
0.13,1.61,-0.05,19.59,46.24,-14.03
0.08,1.5,-0.16,17.04,41.87,-2.22
0.05,1.33,-0.21,9.61,38.95,2.18
0.04,1.21,-0.15,0.67,39.21,-0.07
0.05,1.15,0,-5.42,35.43,0.87
0.02,1.13,0.07,-6.92,28.78,4.05
0.03,1.06,0.13,-4.66,20.62,8.16
-0.01,0.92,0.08,1.21,14.51,6.37
0.02,0.84,0.08,5.22,15.88,8.66
0.02,0.73,0.1,6.72,17.56,11.73
0.06,0.65,0.09,6.15,14.8,11.25
0.08,0.55,0.1,4.41,8.15,13.22
0.07,0.52,0.12,2.02,-3.16,16.34
0.04,0.47,0.17,-1.38,-13.84,21.56
0.03,0.42,0.22,-6.82,-22.7,26.3
0.04,0.43,0.21,-14.54,-32.69,30.83
-0.02,0.49,0.24,-20.59,-39.12,36.38
-0.08,0.54,0.22,-26.56,-41.95,38.4
-0.04,0.73,0.14,-29.78,-32.48,34.05
-0.11,0.82,0.04,-26.33,-19.78,-0.03
-0.15,1.08,-0.03,-14.76,-4.93,-54.09
0.17,1.46,0.11,-7.96,1.85,-84.91
0.36,1.77,0.37,-12.85,-7.85,-52.73
0.33,1.73,0.34,-17.92,-27.8,-9.71
0.22,1.67,0.28,-19.37,-45.11,8.18
0.17,1.52,0.14,-17.76,-45.87,7.25
0.12,1.45,0.03,-15.24,-49.76,10.97
0.21,1.34,0.1,-12.15,-39.15,12.47
0.21,1.33,0.13,-9.23,-36.51,-7.09
0.20,1.27,0.15,-4.06,-19.68,-16.7
0.17,1.21,0.11,-1.11,-7.52,-18.62
0.10,1.15,0.01,-0.37,0.06,-9.27
0.05,1.09,0.04,0.37,3.23,4.11
0.10,1.02,0.04,0.75,4.94,6.51
0.06,0.93,0.03,-0.03,7.85,12.04
0.06,0.82,0.07,1.09,10.35,15.15
0.06,0.66,0.13,1.66,12.31,19.4
0.05,0.54,0.21,3.5,13.66,14.79
-0.02,0.43,0.16,3,15.08,11.06
-0.03,0.34,0.09,1.62,24.66,2.71
0.04,0.35,0.08,5.33,39.98,11.09
0.05,0.39,0,10.47,46.52,29.01
-0.03,0.41,0,11.08,45.74,27.38
-0.15,0.53,0.05,11.26,33.61,29.41
-0.16,0.68,0.07,9.02,2.61,18.66
-0.15,0.84,0.06,3.87,-9.53,-1.79
-0.17,0.99,-0.01,-5.65,-0.95,-16.95
-0.09,1.14,-0.02,-15.57,26.51,-23.6
0.00,1.26,0.1,-20.61,18.04,-39.31
0.09,1.49,0.04,-14.5,0.3,-50.77
0.18,1.65,-0.02,-5.12,5.14,-34.11
0.07,1.71,-0.11,5.51,19.67,-15.13
0.15,1.61,-0.02,9.25,26.04,-4.66
0.15,1.5,-0.03,11.85,31.15,3.63
0.10,1.37,0.04,11.5,31.63,4.58
0.08,1.33,0.03,10.98,24.3,-0.16
0.09,1.29,0.02,10.61,16.53,-2.63
0.06,1.24,0.04,10.37,14.89,-5.56
0.09,1.16,0.08,11.18,8.73,-7.78
0.05,1.05,0.06,12.35,0.64,-8.21
0.03,0.96,0.12,11.24,-5.19,-2.26
0.00,0.87,0.11,9.75,-10.69,5.64
0.00,0.76,0.13,7.82,-20.44,12.93
0.03,0.66,0.18,5.56,-21.36,17.85
0.04,0.57,0.15,2.98,-20.88,22.23
0.02,0.53,0.12,-2.69,-20.37,26.6
-0.02,0.48,0.02,-6.21,-15.15,22.95
0.02,0.43,0.02,-9.27,-10.59,21.95
0.06,0.46,0.06,-12.76,-23,15.56
0.04,0.51,0.04,-11.15,-32.25,16.07
-0.01,0.61,0.04,-6.28,-36.8,8.8
-0.04,0.78,0,0.59,-34.62,-2.13
-0.03,0.91,-0.04,6.62,-27.44,-15.3
-0.02,1.07,-0.01,12.08,-19.27,-26.51
0.05,1.28,0.02,14.65,-15.69,-34.37
0.04,1.42,0.11,12.29,-13.83,-24.79
0.08,1.41,0.23,0.09,-7.36,7.35
0.10,1.44,0.29,-8.27,-4.76,16.09
0.11,1.4,0.28,-13.73,-7.73,15.45
0.13,1.37,0.21,-12.11,-2.2,11.21
0.14,1.35,0.18,-7.87,-0.13,1.76
0.17,1.35,0.16,-4.07,7.96,3.62
0.14,1.3,0.15,-1.92,16.4,0.21
0.10,1.23,0.12,-1.19,23.4,-1.64
0.06,1.17,0.1,-3.2,27.92,-3.38
0.03,1.13,0.09,-6.7,28.92,-3.47
0.01,1.06,0.09,-9.29,28.15,-0.23
0.02,1,0.05,-12.07,31.06,-2.48
0.01,0.93,0.07,-12.42,33.7,0.27
0.02,0.81,0.08,-12.84,41,0.9
0.00,0.75,0.12,-11.01,41.5,7.18
-0.04,0.64,0.13,-8.73,39.59,4.19
-0.07,0.58,0.15,-4.49,37.56,6.79
-0.06,0.51,0.14,-0.85,26.64,11.35
0.03,0.5,0.11,2.62,19.81,23.53
0.01,0.47,0.06,8.56,29.21,27.06
0.02,0.44,0.03,12.09,35.63,34.71
0.04,0.5,0.03,12.92,38.04,36.08
-0.06,0.64,0.09,8.92,25.47,0.39
-0.09,0.78,0.06,0.62,17.11,-24.85
-0.06,0.92,0.07,-13.81,8.44,-62.88
-0.18,1.05,0.05,-22.53,13.45,-65.5
0.20,1.45,0.09,-22.27,10.92,-33.3
0.26,1.55,0.08,-16.83,-4.66,-14.05
0.20,1.73,0.07,-7.61,-11.15,-15.95
0.18,1.63,0.09,3.31,-14.24,-10.22
0.18,1.55,0.1,11.05,-19.9,0.2
0.13,1.4,0.07,12.49,-24.8,-1.4
0.13,1.32,0.04,7.7,-27.57,2.61
0.17,1.29,0.02,3.07,-33.66,7.7
0.17,1.22,0.01,1.37,-39.24,5.39
0.11,1.15,0.01,0.82,-40.33,4.29
0.06,1.05,0.08,2.48,-43.08,-0.13
0.01,0.95,0.02,5.39,-39.44,-0.16
0.04,0.91,0.04,9.47,-34.63,11.23
0.15,0.79,0.03,9.79,-32.11,19.48
0.04,0.58,-0.05,7,-18.79,12.72
0.13,0.68,-0.02,4.56,-16.68,23.37
0.09,0.61,-0.02,3.4,-20.5,29.72
0.09,0.47,0.02,-1.13,-31.67,25.95
0.07,0.42,0,-2.25,-36.9,24.94
0.04,0.41,-0.01,-0.89,-40.08,21.69
0.02,0.42,0.04,1.18,-37.57,18.16
-0.12,0.49,-0.06,6.05,-31.75,11.47
-0.06,0.71,-0.02,10.54,-25.57,-6.04
-0.11,0.91,-0.01,14,-17.02,-30.61
-0.12,1.16,0,13.42,-12.65,-52.87
-0.04,1.37,-0.05,11.21,-11.22,-54.92
-0.06,1.49,-0.07,1.19,4.19,-32.19
-0.05,1.43,0.01,-11.34,20.47,-11.69
0.00,1.41,0.14,-14.01,37.24,23.03
0.13,1.29,0.21,-14.17,50.71,35.74
0.19,1.24,0.22,-13.74,48.05,23.59
0.22,1.3,0.22,-11.63,41.4,18.73
0.25,1.26,0.15,-8.98,43.86,15.31
0.24,1.22,0.12,-8.13,47.69,5.59
0.19,1.19,0.12,-9.56,51.32,-5.39
0.15,1.14,0.16,-13.72,54.4,-13.69
0.05,1.12,0.18,-17.69,51.76,-19.56
0.04,1.05,0.19,-23.92,54.42,-8.65
0.04,1.08,0.26,-25.11,52.56,0.31
0.02,1.04,0.26,-23.92,42.89,9.34
0.05,0.95,0.26,-17.2,34.04,12.78
0.03,0.85,0.21,-8.15,29.11,17.84
0.06,0.75,0.16,-1.02,26.79,19.76
0.09,0.66,0.13,2.9,32.68,17.38
0.06,0.58,0.13,2.3,33.89,9.24
0.05,0.53,0.1,0.3,32.63,6.27
0.04,0.5,0.1,-3.88,30.95,9.98
0.00,0.47,0.11,-4.54,27.39,17.51
-0.01,0.44,0.1,-1.6,21.89,21.8
0.04,0.45,-0.01,5.63,20.62,30.61
0.00,0.59,0.08,10.75,15.31,19.4
-0.03,0.86,0.02,10.64,7.56,-23.2
-0.08,1.05,0.1,1.88,-1.36,-49.67
-0.02,1.33,0.1,-9.87,-4.95,-55.02
0.08,1.53,0.13,-16.88,-4.43,-33.68
0.17,1.72,0.12,-15.43,-10.82,-8.76
0.12,1.67,0.07,-7.93,-13.1,1.55
0.10,1.64,0.13,-1.68,-14.95,6.03
0.19,1.46,0.22,0.66,-17.54,16.36
0.23,1.38,0.2,-1.23,-21.07,18.98
0.15,1.35,0.12,-2.4,-29.56,19.56
0.19,1.29,0.09,-1.02,-38.87,14.57
0.15,1.29,0.02,4.56,-45.5,12.76
0.09,1.23,-0.05,12.99,-44.66,5.32
0.05,1.12,-0.08,17.72,-28.97,6.38
0.08,1,0.03,16.83,-20.09,9.44
-0.05,0.82,0.06,13.54,-15.15,5.95
0.04,0.76,0.03,9.05,-14.72,9.18
0.04,0.66,0.05,2.76,-16.4,10.16
0.04,0.58,0.04,-4.37,-17.05,15.54
0.07,0.49,0.04,-8.15,-20,11.35
0.04,0.44,0.02,-10.53,-24.57,7.85
0.03,0.38,-0.05,-8.64,-25.5,7.79
0.02,0.39,-0.06,-2.54,-26.88,4.59
0.01,0.41,-0.01,4.69,-25.02,3.56
0.00,0.49,-0.01,9.6,-23.37,-8.9
-0.06,0.64,0.02,10.79,-13.55,-27.45
-0.04,0.83,0.07,6.77,-0.19,-39.61
0.01,1.15,0.03,2.45,3.13,-54.6
0.09,1.46,0.06,-4.76,14.51,-24.27
0.09,1.56,0.07,-9.05,30.88,-4.16
0.14,1.49,0.11,-14.82,36.01,7.58
0.23,1.5,0.19,-16.23,42.09,11.75
0.28,1.43,0.2,-16.17,39.23,18.4
0.25,1.44,0.16,-11.63,38.21,7.39
0.22,1.4,0.19,-6.31,41.73,4.33
0.18,1.32,0.24,-2.3,44.87,3.96
0.15,1.26,0.25,-1.64,46.82,6.82
0.09,1.17,0.24,-4.3,47.95,6.09
0.18,0.96,0.27,-8.09,43.88,-3.94
0.00,1.03,0.08,-6.16,49.12,-1.02
0.00,0.99,0.15,-3.97,49.4,-4.48
-0.01,0.93,0.1,-4.4,49.47,1.64
-0.03,0.94,0.11,-2.76,38.78,12.52
0.03,0.77,0.22,-2.93,34.08,15.53
0.08,0.68,0.2,-1.91,28.24,22.01
0.07,0.56,0.17,0.32,21.11,28.82
0.08,0.47,0.16,1,19.49,24.97
0.09,0.45,0.13,2.98,21.61,21.57
0.06,0.42,0.09,5.36,18.94,25.58
0.01,0.42,0.03,6.43,24.63,27.94
0.02,0.45,-0.02,3.9,25.44,29.41
0.04,0.51,0.02,1.94,22.22,34.39
0.00,0.63,0.15,-0.42,5.23,21.54
-0.04,0.83,0.22,-5.98,-12.84,-21.34
-0.01,1.06,0.35,-17.61,-31.08,-62.1
0.06,1.61,0.32,-28.84,-39.63,-70.05
0.16,1.77,0.22,-25.48,-40.18,-32.18
0.07,1.63,0.07,-17.77,-30.05,-19.89
0.12,1.51,0.1,-13.71,-23.27,-4.2
0.24,1.51,0.11,-2.84,-32.12,5.82
0.42,1.63,0.11,-2.48,-44.58,-5.38
0.20,1.43,0.05,0.66,-45.69,7.43
0.21,1.35,0.04,-0.11,-47.6,8.31
0.16,1.31,-0.02,2.76,-46.27,6.87
0.12,1.19,0,7.27,-43.18,4.64
0.04,1.11,-0.05,13.73,-34.71,2.15
0.12,1.05,0.04,20.02,-26.42,-2.58
0.07,0.94,0.06,22.34,-23.78,0.6
0.07,0.82,0.06,17.88,-23.03,6.08
0.06,0.76,0.09,14.61,-22.34,13.76
0.09,0.72,0.05,11.71,-26.34,10.32
0.05,0.57,0.06,3,-30.48,11.22
0.05,0.48,0.06,-3.28,-31.73,10.78
0.00,0.46,0.01,-7.34,-32.44,9.31
-0.03,0.42,0.03,-9.5,-36.25,7.4
-0.02,0.44,0.03,-6.56,-41.52,7.55
-0.06,0.48,0.04,-3.83,-40.92,5.95
-0.06,0.57,0.07,0.79,-37.36,7.44
-0.05,0.71,0.12,3.39,-30.04,1.27
-0.02,0.82,0.09,3.14,-18.35,-12.92
0.03,1.09,0.02,2.1,-6.55,-37.54
0.15,1.42,-0.07,0.36,7.63,-60.15
0.18,1.59,-0.24,2.78,29.39,-34.41
0.23,1.62,-0.19,0.74,51.71,-14.56
0.31,1.57,0.11,-4.69,54.9,0.1
0.23,1.42,0.16,-7.27,54.53,3.36
0.26,1.43,0.22,-8.11,55.31,4.4
0.25,1.4,0.3,-8.67,49.7,5.88
0.23,1.38,0.33,-7.23,44.04,9.34
0.20,1.26,0.28,-4.7,39.66,9.18
0.19,1.16,0.31,-2.33,35.92,5.18
0.13,1.06,0.3,-2.29,28.47,1.93
0.09,1.04,0.2,-2.92,27.64,8.61
0.07,0.91,0.22,-4.06,24.84,16.41
-0.01,0.8,0.1,-6.54,23.05,20.76
0.08,0.75,0.12,-8.23,24.07,19.85
0.04,0.65,0.05,-8.07,28.56,14.93
0.03,0.5,0.13,-8.89,33.59,9.73
-0.01,0.42,0.04,-6.45,35.24,-0.8
-0.03,0.35,0.06,-2.73,33.89,-9.21
-0.01,0.32,0.1,-0.09,35,-5.11
-0.02,0.34,0.04,1.05,35.4,2.39
-0.02,0.37,-0.02,0.82,43.52,8.4
-0.04,0.44,0,-1.57,47.66,13.94
-0.06,0.62,0.07,-8.73,38.34,0.88
-0.09,0.8,0.16,-18.57,23.85,-20.57
-0.08,1.12,0.29,-35.17,5.69,-51.97
0.02,1.59,0.36,-45.3,0.81,-54.37
0.14,1.87,0.43,-42.25,-4.27,-37.11
0.14,1.82,0.35,-29.72,-14.03,14.95
0.12,1.71,0.22,-10.48,-13.25,23.65
0.19,1.64,0.23,3.87,-27.53,23.69
0.22,1.5,0.11,9.96,-35.96,20.3
0.21,1.37,0.06,7.52,-38.62,19.73
0.17,1.27,0.04,3.82,-38.82,17.35
0.23,1.25,0.08,4.53,-44.26,9.46
0.16,1.18,0.04,6.85,-43.08,7.15
0.07,1.14,-0.02,8.79,-32.85,-4.72
-0.02,1.12,0.05,12.81,-22.73,-17.31
0.05,1.06,0.03,17.34,-21.3,-10.37
0.06,0.97,0.06,20.31,-28.25,-7.75
0.07,0.99,0.1,21.41,-26.6,0.04
0.08,0.84,0.06,19.77,-33.29,10.46
-0.03,0.18,0.18,3.65,-31.16,3.42
0.14,0.7,0.11,4.14,-33.28,31.79
0.03,0.53,0.12,-1.6,-28.96,18.44
0.00,0.47,0.14,-4.76,-31.04,14.93
0.01,0.46,0.1,-2.74,-36.47,13.21
0.00,0.52,0.06,-2.51,-42.58,4.85
-0.08,0.48,0.02,-2.85,-42.96,1.53
-0.16,0.6,0.01,-4.28,-37.53,-20.5
-0.16,0.77,0.02,-6.08,-26.73,-39.2
-0.11,1.01,0,-8.36,-10.92,-51.97
0.02,1.25,-0.01,-9.38,5.73,-54.96
0.07,1.35,0.15,-4.97,11.96,-56
0.35,1.59,0.08,-2.41,36.52,27.2
0.31,1.22,0.07,-5.11,57.49,41.17
0.35,1.29,-0.04,-3.82,65.6,19.65
0.28,1.28,-0.12,-1.71,72.24,9.95
0.26,1.33,-0.01,-3.39,78.54,2.21
0.16,1.36,0.2,-5.31,73.38,-0.43
0.15,1.3,0.35,-11.5,58.35,3.27
0.16,1.24,0.46,-15.25,41.47,9.16
0.14,1.21,0.47,-16.29,30.74,12.39
0.16,1.16,0.49,-16.73,21.01,14.05
0.18,1.12,0.39,-12.69,19.22,16.52
0.21,1.05,0.31,-10.76,16.64,19.47
0.11,1.03,0.25,-5.63,19.11,27.49
0.09,0.84,0.24,-5.08,10.53,17.53
0.08,0.68,0.18,-4.02,1.62,8.27
0.07,0.55,0.05,-3.26,0.84,-10.47
0.10,0.52,0.09,0.16,6.83,-25.86
0.08,0.54,0.11,1.61,9.97,-35.34
0.06,0.57,0.1,4.18,5.99,-34.45